base3
(-347.3, -278.2, -90.1) (-0.489, -0.685, -0.540)
(1171.9, -1010.7, -369.2) (-0.764, 0.588, -0.266)
(1004.4, 1200.4, -694.4) (-0.713, -0.619, -0.329)

jail1
(-1049.7, -121.4, 115.1) (0.590, -0.539, -0.601)
(-2167.2, -573.2, 305.4) (-0.224, 0.900, -0.374)
(-1550.7, -875.6, 8.4) (-0.835, -0.441, -0.329)

jail2
(-1095.1, -793.7, -102.4) (0.738, 0.557, -0.380)
(-424.1, 296.2, 355.7) (0.898, 0.115, -0.424)
(-1342.3, 321.9, 280.1) (-0.700, -0.004, -0.714)
(1102.8, 173.4, 226.9) (0.626, 0.642, -0.442)

jail3
(-603.2, -514.6, 951.3) (0.288, 0.930, -0.228)
(691.6, -887.2, 895.8) (-0.694, 0.484, -0.533)
(1404.9, -1161.3, 513.6) (0.538, 0.843, 0.005)
(-618.4, 911.7, 352.7) (0.600, 0.656, -0.458)

jail5
(94.6, 128.2, 325.2) (-0.002, -0.733, -0.681)
(207.4, 1169.9, 308.3) (-0.615, -0.392, -0.684)

lab
# the only monitor in this map has two connected faces - can only have one camera here
(-2008.9, 678.2, 206.1) (0.001, -0.810, -0.586)

fact2
(1302.4, -2342.9, -70.1) (-0.672, 0.635, -0.381)
(139.6, -1240.8, 262.9) (-0.532, -0.722, -0.442)
(-529.9, -1038.6, 201.4) (-0.565, 0.653, -0.504)
(-913.2, 215.9, 230.7) (-0.814, -0.457, -0.358)
(618.1, -2516.6, -11.7) (-0.692, -0.575, -0.436)